1520	51191	112	1
1527	4384	18	1
1541	5056	27	1
1574	60089	345	1
1575	374033	1059	2
1576	26278	81	1
1581	32983	107	1
1584	382341	926	1
1586	199627	512	1
1588	24106	60	1
1592	253381	816	6
1593	13785	80	1
1596	7396	57	1
1602	3389	26	1
1603	178263	872	1
1604	5257	31	1
1608	4387	26	1
1611	45897	226	1
1612	39674	107	2
1613	10438	24	1
1614	13918	120	1
1618	57343	157	2
1620	82498	334	2
1621	6186	27	1
1627	9062	36	1
1630	73194	309	1
1631	464439	952	1
1632	42700	149	1
1634	94412	261	2
1635	204307	527	2
1637	383892	527	1
1638	118459	362	2
1639	28050	99	1
1640	52575	193	2
1641	8968	44	1
1642	286984	675	2
1643	5421	27	1
1644	571271	1329	2
1647	253866	768	2
1648	381349	964	2
1649	188596	642	3
1651	548829	1140	2
1653	46578	264	1
1654	15651	72	1
1658	87266	494	3
1659	13133	75	1
1660	662946	1866	6
1661	56308	187	1
1663	300751	943	5
1664	139498	446	2
1665	130399	600	5
1666	326087	916	4
1667	441436	1221	3
1668	287048	839	2
1669	240636	566	2
1670	576129	1357	3
1671	226824	562	1
1672	42421	172	2
1673	453085	1063	3
1674	714572	1184	2
1675	571711	1334	4
1676	242153	1036	3
1677	289370	1138	4
1678	77403	404	3
1679	118022	450	1
1680	189580	596	6
1681	411439	1042	4
1682	1279529	2882	5
1683	904801	2281	13
1684	284963	957	6
1685	659260	1122	7
1686	311835	1033	6
1687	118474	374	5
1688	397651	1178	5
1689	281868	895	8
1690	148003	597	2
1692	151969	443	1
1693	244825	950	5
1694	628400	1873	7
1695	206607	1002	4
1696	81528	258	5
1697	377253	743	3
1698	657085	2498	6
1699	641077	2519	13
1700	1153897	2763	7
1701	1245758	4746	18
1702	1135237	3941	28
1703	1744199	5169	18
1704	733896	3163	25
1705	1628994	5413	26
1706	903010	3274	19
1707	1037580	3498	20
1708	1220488	4110	21
1709	330642	1486	14
1710	1652915	4459	25
1711	1474592	4346	29
1712	340381	1263	10
1713	857344	3518	26
1714	1867253	6487	41
1715	1209982	4496	32
1716	774667	2895	31
1717	1221962	4879	43
1718	1523660	6085	34
1719	1917245	5690	50
1720	2018336	8365	50
1721	1603244	6124	38
1722	1478674	5921	39
1723	1387149	5546	38
1724	1750154	7035	33
1725	2126981	8760	48
1726	3431018	14872	59
1727	4242627	15334	67
1728	3585450	12846	63
1729	4096929	14437	64
1730	3902423	13881	74
1731	4383686	12962	71
1732	3794253	13473	69
1733	1385151	5703	58
1734	2914327	10750	57
1735	2930115	10395	55
1736	1885155	7030	48
1737	2631826	10374	54
1738	3265791	11722	66
1739	7381586	24037	111
1740	3398351	12553	67
1741	2559437	8716	63
1742	3914334	13493	72
1743	4173104	15982	89
1744	4942058	17946	95
1745	4246788	13859	105
1746	2215148	8730	81
1747	12963403	33672	112
1748	4461833	15193	68
1749	6000935	22310	108
1750	8442063	25594	117
1751	6553056	21840	114
1752	5417290	19699	99
1753	8621705	29478	133
1754	9137358	33244	117
1755	8900726	32676	148
1756	3461051	13368	92
1757	8153916	29106	124
1758	8066382	26529	110
1759	10340246	32732	121
1760	7288188	27535	117
1761	4954590	16769	89
1762	3734139	14217	68
1763	5206852	17628	82
1764	5968110	22133	106
1765	4983976	20045	91
1766	9469028	33947	126
1767	9065472	30247	106
1768	12090328	47172	157
1769	8763733	32200	128
1770	11803114	42384	152
1771	9697669	36754	117
1772	9485447	38166	125
1773	8469966	32233	118
1774	9376261	35106	146
1775	9261249	35261	143
1776	10685984	40763	170
1777	12267408	48553	173
1778	7839880	29403	108
1779	9285681	36590	134
1780	9386867	34488	132
1781	9374119	40012	139
1782	8848879	35324	124
1783	10834372	42865	141
1784	13400540	51442	166
1785	12983141	52500	177
1786	12553475	48473	161
1787	23473819	84723	249
1788	25407838	95588	277
1789	20171576	82964	248
1790	23166790	88083	280
1791	22503937	80939	250
1792	24480417	96786	306
1793	23852494	92055	324
1794	24299532	92020	286
1795	25502787	85797	276
1796	27093466	106701	325
1797	20755015	80048	267
1798	21341208	81978	305
1799	27628567	104163	325
1800	43674267	160580	435
1801	66186903	230992	611
1802	49298867	161324	455
1803	68531984	233147	607
1804	85099750	288674	765
1805	72859098	252890	682
1806	91093386	313331	831
1807	90998078	305314	815
1808	107618423	340630	922
1809	107539499	324080	884
1810	113677334	357565	960
1811	135111979	418205	1081
1812	129048143	364283	940
1813	104284002	312732	816
1814	121623854	374310	975
1815	119318930	362043	962
1816	137033664	402207	1054
1817	141570045	419946	1131
1818	147594737	450073	1198
1819	130151689	397895	1144
1820	178112603	547750	1394
1821	149373719	439470	1230
1822	220257096	639078	1635
1823	209437441	629373	1654
1824	252703638	733903	1943
1825	255936528	762791	2018
1826	205461645	601709	1603
1827	216592226	631762	1731
1828	225278966	632444	1745
1829	234799137	657939	1791
1830	300973877	809547	2129
1831	273360981	713174	2005
1832	263674762	708210	2069
1833	260186106	724506	2217
1834	271678159	734047	2125
1835	306542165	808773	2380
1836	319570436	861225	2488
1837	290636717	769452	2157
1838	305137303	803262	2238
1839	362704149	951736	2626
1840	359904073	915259	2584
1841	325033239	832240	2406
1842	301626308	738141	2132
1843	341524695	832231	2355
1844	391887084	927647	2596
1845	379909444	929370	2604
1846	405767742	1006212	2802
1847	372584612	946441	2758
1848	409392134	1030350	2979
1849	415985204	1031256	2891
1850	425097967	1071567	3158
1851	455450835	1157552	3242
1852	488450793	1233326	3594
1853	552547561	1381945	3839
1854	590302292	1478464	4040
1855	500787018	1296250	3523
1856	544114648	1378297	3836
1857	501301715	1253219	3441
1858	465692646	1156353	3235
1859	514981083	1279722	3637
1860	527075534	1361637	3903
1861	386434758	983016	2825
1862	359348504	928254	2748
1863	349935241	919830	2759
1864	421881604	1138756	3336
1865	421998054	1137979	3437
1866	458351955	1225676	3530
1867	450242417	1182138	3421
1868	454334293	1228590	3572
1869	500425460	1317311	3772
1870	451706276	1202085	3535
1871	488849680	1314743	3805
1872	503182681	1346063	3911
1873	520267515	1388211	3978
1874	575300907	1537346	4329
1875	601244572	1578280	4528
1876	601999071	1628772	4761
1877	574104027	1543846	4596
1878	538814915	1489153	4583
1879	577626163	1575646	4905
1880	684000330	1860388	5532
1881	687759451	1888721	5723
1882	725802405	1994772	6013
1883	829235251	2249845	6758
1884	782538781	2102574	6507
1885	769081451	2097398	6582
1886	703449764	1888134	5649
1887	767504871	2148580	6622
1888	774619944	2091027	6420
1889	725314617	1980443	6014
1890	757961420	2112293	6556
1891	804904443	2217833	6938
1892	905321229	2515749	7753
1893	844690512	2412879	7533
1894	838387285	2396342	7474
1895	903394937	2658150	8516
1896	966235908	2856166	8903
1897	950528418	2794930	8748
1898	1010935409	2959957	9239
1899	1146173920	3400814	10549
1900	1194673434	3534512	11021
1901	1202913367	3501935	10830
1902	1212110601	3624201	11266
1903	1201034192	3581649	11328
1904	1317638262	3935269	12169
1905	1296062576	3839096	12216
1906	1285110265	3825572	12065
1907	1316581524	3866888	12269
1908	1315037632	3907314	12566
1909	1163646985	3449648	11120
1910	1199425780	3532340	11393
1911	1213366639	3606598	11883
1912	1264175253	3795676	12694
1913	1214795822	3673032	12225
1914	1198107731	3623117	12317
1915	1081251326	3307509	11664
1916	1074223491	3338358	11927
1917	1075128817	3341073	11987
1918	946405350	2917872	10864
1919	994808751	3058693	10895
1920	1256124888	3763847	12902
1921	1088874543	3190820	11047
1922	1271086291	3693025	12811
1923	999909141	2867795	9901
1924	907305979	2652648	9219
1925	926904801	2705361	9490
1926	932518326	2719459	9694
1927	1035837121	3016061	10369
1928	1013773976	2939053	10414
1929	980364917	2876634	10166
1930	1049352798	3031286	10677
1931	1013724606	2896836	10055
1932	895315798	2504472	8820
1933	804522115	2263979	8291
1934	853224221	2380017	8604
1935	971830620	2687315	9355
1936	993320338	2787370	9760
1937	1018146643	2869209	9889
1938	1023791551	2853561	9787
1939	1022392170	2827157	9694
1940	967096233	2670741	9199
1941	904688774	2486932	8752
1942	902938239	2458361	8627
1943	786554945	2117483	7750
1944	709200138	1865154	7201
1945	804136036	2054902	7889
1946	1056582202	2766222	10385
1947	1268248203	3303290	12104
1948	1318184735	3405756	12326
1949	1435313670	3731848	13307
1950	1483665211	3860445	13536
1951	1421682778	3677806	12898
1952	1483448222	3684316	12865
1953	1425536202	3662899	13052
1954	1470743400	3794368	13603
1955	1550876393	3969436	14127
1956	1612180407	4083309	14638
1957	1713740076	4403536	15869
1958	1786783468	4573411	16153
1959	1826583891	4699131	17161
1960	2161946184	5579441	20209
1961	2304135930	5936822	21716
1962	2501301402	6403266	23194
1963	2633879065	6753877	24667
1964	2452549636	6361714	23761
1965	2829809493	7238914	26209
1966	2911802327	7487042	27548
1967	3106860688	7950576	29486
1968	3330546737	8642515	31928
1969	3129567589	8164108	30147
1970	3232293798	8438238	31281
1971	3053767186	7888188	29596
1972	3114971448	8054068	30774
1973	3020839945	7710072	29445
1974	2941503415	7484109	28848
1975	3010625478	7711834	30329
1976	3105793102	7879366	30646
1977	3120159031	7906821	30556
1978	3115743638	7907669	30572
1979	3263010248	8262025	31271
1980	3254366520	8136202	30625
1981	3133047109	7743304	28826
1982	3284501847	8112981	30392
1983	3420324148	8341050	31097
1984	3675372571	9020014	32942
1985	3690136367	9051671	33329
1986	3858414258	9439506	34447
1987	3911960641	9532665	35159
1988	4080580336	9926594	36412
1989	4205870329	10196901	37870
1990	4564250434	11101503	41170
1991	4381722431	10623435	39349
1992	4717902147	11318975	41072
1993	4743032944	11262638	40471
1994	5103607036	12079764	44627
1995	5411660513	12792159	45246
1996	5935362941	13803386	49483
1997	6073782805	14175294	50899
1998	6502935387	15230016	54696
1999	6894574035	16150582	57624
2000	8184220292	19220273	68143
2001	8588230334	20498719	71871
2002	9697143330	23392139	83948
2003	10962631655	26800312	96996
2004	11949550089	29043711	108423
2005	11337444519	28039579	103828
2006	11875460179	29442497	108925
2007	12552104939	31451897	112252
2008	13598879452	38478867	149373